9.311795280278158948e-01 1.322644542453477179e-01 8.861589351086535116e-02 6.584267985640447352e-01 -7.722500720041962363e-02 3.689738805082414252e-01 1.154520186194285980e+00 1.235543630662857550e+00 3.484276084228807302e-01 6.803986994644245501e-01
5.495483460346676230e-01 1.066661875333002385e+00 5.053182386357903955e-01 5.595803429008682217e-01 4.406092086282885067e-01 1.438648266839826606e+00 -1.131981573650904793e-01 4.948138284728922365e-01 4.546384818695191621e-01 -3.361758535352523530e-02
1.218634282040181205e+00 4.426341839323084254e-02 6.740376334852945517e-01 1.023477364014527158e+00 4.634506180645530105e-01 6.152289666044636895e-01 1.483905644741452812e-01 4.554715068682172463e-01 4.995458457059143709e-01 3.143084244296983076e-01
8.492403915797162028e-01 1.718161352536766995e-01 4.860194269183260030e-01 1.248968468277741016e-02 8.152848140099306917e-01 9.055649162263058605e-01 -9.068919871228781071e-02 6.650067199956118946e-01 6.725624888762281595e-01 9.998359595892349905e-01
6.853277046287624408e-03 8.352416513203204662e-01 1.130252910864895100e+00 4.173930035182362164e-01 8.561887956345163309e-01 1.425275694985509434e-01 1.044436136721783814e+00 -1.414979645438923517e-01 4.906897132822369834e-01 7.005769556508048002e-01
2.006071155544578710e-01 6.852984001641947431e-01 4.369890403997684913e-01 3.517662083211193225e-01 2.836611071563952535e-01 4.350375879974319182e-01 4.527029633133558550e-01 1.082353906694877077e+00 5.873465766103875829e-01 1.039198270286099790e+00
1.044830321369540072e-02 -1.220052072043627533e-01 5.018120493543459792e-01 1.560727821321765907e+00 1.022816768235502022e-01 7.374035312618526516e-01 7.947662668098476324e-01 5.282400801727071826e-01 7.290580979970842090e-01 6.362079450244381151e-01
6.633589819166004764e-01 5.524237871031589808e-01 7.427798745433675798e-01 -1.229293770807032421e-01 1.260628998215916008e+00 4.188711706493467579e-01 5.775678067144787153e-01 1.077699798120723473e+00 5.548122863117614934e-01 -3.495591613693747046e-01
5.780402918551963420e-01 8.138435365945623223e-01 1.896164761700176171e-01 8.366430932055451963e-01 5.459640902785003469e-01 3.444158913974598724e-01 3.628455930613564417e-01 7.406165752205131625e-01 8.376246677474062929e-01 2.929865183606902290e-01
9.924498885178011098e-02 2.795994193009094797e-01 4.073663593735226129e-01 4.380167249646342298e-01 9.448215288250123578e-01 6.626874806853441102e-01 8.211016773165318305e-01 5.753284995531344759e-01 1.116026021184775674e+00 1.722313478037894863e-01
